   2.0000000e+00  -1.9005686e+00  -1.2175458e-01   1.3130208e-01  -2.1568796e-01   1.4149512e+00  -1.3393660e+00  -6.2743168e-01   6.2816163e-01   1.2810560e+00  -1.5820611e-01
   2.0000000e+00  -1.0184675e+00  -1.2743357e+00   5.6834745e-01   3.2011714e-02   4.3536800e-01  -1.9617810e-01   4.4716251e-01  -3.0628716e-01  -4.6345361e-01  -1.2658736e-01
   2.0000000e+00  -9.2400693e-01   4.8528130e-01   5.6985987e-01   1.2019013e-02  -1.7591365e+00   1.4364721e+00  -1.1009424e+00  -2.4206957e+00   1.8904125e+00   7.7181050e-03
   2.0000000e+00  -7.0103761e-01  -3.4864158e-01  -1.5534592e+00   1.8686066e-01   7.9668328e-01  -4.7633661e-01   7.3654035e-01  -1.2716168e+00  -1.0989451e-01  -1.4567966e+00
   2.0000000e+00  -6.2392473e-01   1.2261092e+00   4.7397670e-01  -6.7697248e-01   1.9421226e+00  -9.9902964e-02  -7.9146436e-01  -6.6006508e-01   1.1806409e-01   1.0390342e+00
   2.0000000e+00   1.0025847e+00   9.8477946e-01   1.9650818e+00   1.3460169e-01  -4.5863840e-01   1.4187442e+00   3.7493820e-01  -1.4170880e+00  -7.3249827e-01   5.0497321e-01
   2.0000000e+00  -2.0150027e+00   5.0571954e-01   1.0372380e+00  -9.5477946e-01  -2.3609132e+00  -4.4253559e-01  -1.5065329e+00  -5.2504959e-01  -7.3526784e-01   1.4177753e-01
   1.0000000e+00  -4.9598990e-01   1.8614046e-01  -8.2327179e-01  -1.2349650e+00  -1.1939550e+00   6.8623182e-01  -1.5003696e+00   9.8456923e-01  -4.6184402e-01   2.0557089e+00
   2.0000000e+00  -4.1263916e-01  -2.8431570e-01   8.1344700e-01  -8.3724711e-01   6.5239220e-01  -5.3048770e-01   2.0113782e-01  -3.0890806e-01   8.2155805e-01  -3.7984525e-01
   1.0000000e+00   1.2837997e+00   1.2775729e-01   7.1086271e-01  -3.8518816e-01   9.3329351e-01   1.0873948e+00   6.6069942e-02   3.1635914e-01  -3.1604564e-01  -9.8429676e-01
   2.0000000e+00   4.6918911e-01  -7.3842128e-01  -1.7337909e+00  -3.0401635e+00   1.4821316e+00  -1.2656395e+00   2.0108889e+00   6.2552486e-02  -6.0775687e-01   1.0360801e+00
   2.0000000e+00   4.3104910e-01  -6.1692960e-01   9.3862908e-01  -1.4607260e+00  -1.7833719e-01  -2.2568503e+00   2.9227410e+00   9.9587982e-01   4.0795157e-01   1.8565714e+00
   2.0000000e+00  -8.9368156e-01  -1.1179439e+00  -9.9712046e-01   2.3740706e-01  -5.9756482e-01  -4.4143749e-01   8.3361393e-01  -7.2831522e-01  -4.0843581e-01   1.4287760e+00
   1.0000000e+00   1.1484325e+00   2.3311446e-01  -8.5272399e-01  -1.0197121e+00   1.2858260e+00  -2.5042803e-01  -5.4106251e-01   1.2879197e+00   2.8749619e-03  -6.4274535e-01
   2.0000000e+00   1.4298092e+00   6.3573672e-01  -1.3708971e+00   1.6331355e+00  -1.1297436e+00  -8.3536929e-01  -4.8917358e-01   1.7449190e+00   1.5635706e+00   5.3945153e-01
   2.0000000e+00  -5.7676667e-01  -5.3721599e-01   1.4888863e+00   1.3481492e+00  -9.8674850e-02  -1.5432360e+00  -1.1497055e+00   2.3980944e+00  -2.2931186e-01   1.4378878e+00
   2.0000000e+00   1.3446340e+00  -1.8882543e+00   1.2498428e+00   1.5999166e+00  -2.4320550e-01  -1.0078745e-01   8.6988167e-01   4.3388112e-01   2.0408606e+00  -5.5167038e-01
   2.0000000e+00  -1.0521775e+00  -2.7303915e-01  -1.9246188e-01  -8.0624472e-01   5.6562094e-01  -2.5072236e-01  -3.8393864e-01   1.4258657e+00   1.3653305e+00   1.7806371e+00
   1.0000000e+00   6.2758375e-01   6.6851029e-01   5.6185037e-02   1.3024530e-01  -2.1483327e+00   8.6315515e-01  -9.6467413e-01  -3.8047323e-01  -1.0060113e-01   6.3434054e-01
   2.0000000e+00  -1.6497350e-01  -1.0841358e+00   6.7313750e-01   6.0091627e-01  -7.9822551e-01   5.4407624e-01  -1.3107626e+00   4.6432451e-01   4.3512280e-01  -1.0771783e+00
   2.0000000e+00   9.1083247e-02  -2.0888646e+00   1.4951364e+00  -9.5204304e-01  -1.7870787e-01  -1.0924945e+00   5.6865625e-02   2.2262031e+00  -6.9362688e-01  -1.5337348e+00
   2.0000000e+00  -1.5044623e+00   1.6204568e+00  -1.7122286e+00   2.7527864e-02  -9.9826869e-01  -6.5888330e-01   2.3151291e-01   4.5929859e-01  -1.8578098e-01  -2.7826070e+00
   1.0000000e+00  -4.4981979e-01   3.2909173e-04   2.6903128e-01   9.5564813e-01   3.9969492e-01  -1.1608347e+00  -4.8639881e-01  -1.9937293e-02   6.0376534e-01   1.1620817e+00
   2.0000000e+00  -1.7169302e+00  -6.1035387e-01  -7.7605528e-01   1.0898808e+00  -1.2243266e-01  -9.3165265e-01   1.2039973e-01   5.5542269e-01   1.1021705e+00   6.7679198e-01
   2.0000000e+00  -1.9282171e-01   1.2080659e+00  -8.0336263e-02   2.0588410e+00   7.7726771e-01  -2.8685768e+00  -2.4341382e+00  -8.0732315e-01  -3.0643795e-01  -3.0186183e-01
   2.0000000e+00   8.3090284e-01   9.3341569e-01  -6.9069867e-01   3.1573679e-01   1.5407154e+00  -6.9308979e-01   7.5688599e-01   9.3090342e-01  -1.9586988e+00   3.4167660e-01
   2.0000000e+00  -5.8132711e-01  -2.2953566e-01   1.2759639e+00   1.4869039e+00  -1.2398366e+00  -1.4796353e+00   8.9687461e-01   6.5964205e-01  -2.7086979e-01  -1.5800357e+00
   2.0000000e+00   6.0720628e-01   1.6894150e+00   6.1710037e-02  -8.9348893e-01   2.6811364e+00  -4.1708162e-01   4.1023057e-01   7.9827040e-01  -8.5209239e-01   5.5114240e-02
   1.0000000e+00  -3.4081265e-01   1.0603598e-01  -1.7170516e+00   2.0782636e+00  -1.4543196e-01   7.8681260e-01   1.2492020e+00  -3.1473149e-02  -9.7530265e-02   1.2575974e-03
   2.0000000e+00  -4.0142108e-01   2.8112910e-01   4.3136170e-01   6.2928813e-01  -1.1682612e-01  -1.9031299e+00  -1.4717784e+00  -6.5019123e-01   1.5552601e+00  -1.1831326e+00
   2.0000000e+00   1.9452034e+00  -8.1102571e-01  -1.4078105e+00  -4.4831637e-01  -1.6423596e-01   1.4586449e+00  -3.1328313e-01   4.6312174e-01   4.4530342e-02   1.2824965e+00
   2.0000000e+00  -1.0073544e+00   4.0146009e-01   1.5296046e+00  -1.1753670e-01  -1.1853406e+00  -3.5620679e-02  -1.4043840e+00   8.3454187e-01   1.1425265e+00   1.1163697e+00
   2.0000000e+00   3.0373181e-01  -6.1236017e-01  -4.6475788e-01  -1.9326704e+00  -7.2626514e-01  -1.4444246e+00   5.8034289e-01  -8.1813848e-01   5.4013929e-01  -4.2346211e-01
   2.0000000e+00   1.0750598e+00   1.2195164e+00   5.4604354e-01  -1.5695473e+00   3.0958976e-01  -3.0712189e-01   5.8856140e-01   9.7856720e-03   9.0350760e-01   1.2474658e+00
   2.0000000e+00   1.3333272e+00   1.1218774e+00  -7.3406612e-01  -5.0749885e-01  -2.7368749e-01  -2.0114005e+00  -2.5330961e-01  -6.9055077e-01  -1.1408820e+00  -1.5049478e+00
   2.0000000e+00  -9.4175698e-01  -8.3538287e-01   2.1504903e+00  -4.6142970e-02   1.0930575e-01  -1.4266788e+00  -1.0725685e+00   5.3751799e-01   2.4010313e-01  -8.6109611e-01
   2.0000000e+00  -2.0884626e+00   4.3927513e-01  -2.2106881e+00  -1.2975150e-01   1.2946171e+00  -1.3949470e+00  -1.9536727e-01   1.5025459e-02   2.4880242e+00   2.2138903e+00
   2.0000000e+00   5.0663879e-01  -1.3074335e+00   1.8682426e+00  -1.4794862e+00  -6.2383053e-01   7.1564592e-02   1.8938062e+00   1.0511326e+00  -8.0444580e-02  -6.6525040e-01
   2.0000000e+00  -8.5766847e-01   1.4472971e+00   1.7966352e-01   6.1360821e-01  -9.6162094e-01  -7.0107919e-01  -1.0322967e+00  -9.0913920e-01   1.0745957e+00   2.1039356e+00
   2.0000000e+00   5.3096056e-01   1.2460065e-01   2.3833205e-01  -4.9839188e-01  -1.8000219e+00   6.3556986e-01   2.8761850e-01   7.4413705e-02  -1.1224451e+00  -9.0572209e-01
   2.0000000e+00   2.5805475e+00   1.9691340e+00  -1.7501085e+00  -1.5814292e+00  -6.0038143e-01  -9.7407435e-01  -1.2615209e+00  -5.5769477e-01   2.6502320e+00   2.9611429e-01
   2.0000000e+00   5.5471390e-01  -8.1297533e-01  -3.4911455e-01   2.1963119e-01   7.5040376e-01  -5.5927094e-02  -2.1242370e-01  -9.8626584e-01  -3.8077091e-01  -2.4421558e-02
   1.0000000e+00  -7.7504059e-01   4.6577022e-01   8.3931213e-01   1.1355731e+00  -1.9636635e+00   5.1190830e-01  -1.8538234e+00   4.9792609e-01  -3.8813122e-01  -1.4227329e+00
   2.0000000e+00   1.4102587e+00   1.5673336e+00   4.7902465e-01  -2.5615227e-01  -6.5729708e-01   9.1005473e-02  -3.0085395e-01   5.2158945e-02  -8.1822495e-01   2.2808510e-02
   2.0000000e+00  -6.5748977e-01  -9.8052910e-02  -3.1460265e-02  -3.8238498e-02  -1.5108910e+00   7.4096694e-01  -3.9866043e-01  -5.3248852e-01  -8.0675813e-01  -2.3236844e-01
   2.0000000e+00   5.1165206e-01  -3.1185816e-01   1.4079957e-01  -3.7659961e-01   5.1896797e-01  -1.5415222e+00   6.3968387e-01   3.4415916e-02   3.8735232e-02   1.2286394e+00
   1.0000000e+00   4.5725256e-01   3.1862171e-02   1.4048791e-01   1.2420983e-01   1.6606722e+00  -2.1047935e-02   1.2668388e+00   5.2525709e-01   4.8998243e-01  -4.0076269e-01
   2.0000000e+00   9.6216508e-01  -3.8317090e-01   1.2572639e+00   8.4296793e-01  -9.2886118e-01   3.2081770e-01   7.3751379e-01  -2.0025325e+00   1.1504172e-01   1.1950285e+00
   2.0000000e+00   1.1893117e+00  -7.8695287e-01  -7.8528786e-01   4.3027492e-01  -1.5604525e+00  -1.9170251e+00  -2.3669155e+00   1.2221337e+00   4.6521338e-01   7.5418738e-01
   2.0000000e+00  -1.6644122e-01  -3.7735805e-01   1.1551111e+00   5.5395406e-01  -1.1763399e+00  -5.5002645e-01  -2.1611023e-01   1.4293584e-01  -7.0587022e-01   1.6694897e+00
   2.0000000e+00  -1.6523125e+00  -1.7182802e-01   1.3715280e+00  -1.7437868e+00  -1.1157816e+00  -3.8866125e-01  -3.1895139e-01   5.2799477e-01   3.2970876e-01   9.4972619e-02
   2.0000000e+00  -1.2398909e+00  -1.2505585e+00   1.1173857e-01  -5.4462363e-02  -1.3500945e+00   6.4271341e-01  -3.0782700e-01  -5.3251454e-01  -4.9734612e-01  -1.6627079e+00
   2.0000000e+00  -8.1361382e-01  -6.5890012e-01  -4.1989735e-01   5.1901480e-01  -2.6031668e+00   1.0009681e+00   2.4373854e-01  -2.6328136e-01   1.3306032e+00  -1.5329646e+00
   2.0000000e+00   7.5631827e-01  -8.2975847e-01  -1.1363415e+00  -5.9082824e-01   1.5470696e+00   8.1581119e-01  -7.1214254e-01   1.1336535e+00   1.8430450e+00   1.0066920e+00
   2.0000000e+00  -1.0070131e+00  -7.5196302e-01  -8.6888409e-01   1.1638832e+00  -4.8822606e-01  -4.6796189e-01   4.9946050e-01   8.1008643e-02   6.0443381e-01   4.2910992e-01
   2.0000000e+00  -1.1534641e+00   5.0384306e-01   1.5225220e+00  -2.7189833e-01   1.0916902e+00  -9.3521679e-01   1.0486450e-01  -1.1454505e+00   2.7987325e+00   8.2578685e-02
   2.0000000e+00   5.6307291e-01  -1.5216563e-01  -4.4809048e-01   1.2543259e+00  -7.3580119e-01   6.8925920e-01   1.5925690e+00  -5.2552156e-01  -4.9563272e-01  -3.1827563e-01
   2.0000000e+00   5.5179630e-02   8.7821205e-01   8.3161439e-01  -6.8263913e-02   3.9132736e-01  -2.7812875e-01   7.1533357e-01   9.2079105e-01   1.0307876e+00   3.2185280e-01
   2.0000000e+00  -7.7589577e-01  -1.0599731e+00  -2.9709399e-01   8.6769162e-01  -3.5497349e-01   1.1196062e+00   2.9717619e-01   7.5863844e-02  -1.4636952e-01  -1.0735903e-01
   2.0000000e+00  -2.4222429e+00   4.7950890e-01   5.9752792e-01   9.3887593e-02  -1.1190900e+00   2.5654558e-01   3.3374588e-01  -7.6040146e-02  -4.8629496e-01  -1.0022166e+00
   2.0000000e+00  -2.9884594e-01  -9.9312468e-02   9.4957396e-01   1.2020910e+00  -2.0463461e-01   8.4646626e-01   1.8210563e-01  -3.0888052e-01   3.2565554e-01  -1.1223183e+00
   2.0000000e+00   3.0623308e-01  -1.2729097e+00   1.5144784e-01  -8.6160497e-01   1.5904103e+00   3.1502912e-01  -7.4268309e-01  -6.5909140e-01   1.2633671e+00   1.3060308e+00
   2.0000000e+00  -7.4201278e-01  -6.8742267e-01  -1.6962267e-02   2.7883208e-01  -1.3826111e+00  -5.2055984e-01  -9.5296688e-01  -1.1021845e+00  -8.1456941e-01  -2.3274491e+00
   2.0000000e+00  -3.8558599e-01  -1.2101244e+00   1.2405329e+00   1.9056770e+00  -1.9644783e-01   6.5120235e-01   1.6537419e-01   1.4096477e-01  -1.5853311e+00  -1.3448975e+00
   2.0000000e+00   7.7899050e-01  -3.0052367e-02  -3.2195952e-01   5.7564827e-01  -1.5709328e+00  -4.8241958e-01   7.5424230e-01  -5.7019455e-01   5.4878635e-01   1.0339225e+00
   2.0000000e+00  -9.8091304e-01  -9.5966589e-01  -3.9864938e-01  -1.0410119e+00   1.1171839e+00  -4.5025516e-01  -6.9856929e-01   1.1493054e+00  -1.1879331e-01   7.0615697e-01
   2.0000000e+00  -1.0259451e+00   1.7661346e+00   1.2330540e+00  -7.1271264e-03   8.1350722e-01  -1.6841625e+00   8.0927376e-01   2.2389743e-01  -6.5355494e-03   3.6748725e-01
   2.0000000e+00  -4.5111576e-01   9.1482667e-01   3.8330885e-02   1.2745172e-01   9.2450092e-01  -1.0984045e+00   1.9340782e+00   1.7635702e+00   1.2339692e+00   4.7879892e-01
   2.0000000e+00   8.9349252e-01  -6.3935745e-01   7.6526205e-01   3.8590350e-01  -3.5412550e-01  -3.7533152e-01   1.9335275e+00  -3.8217648e-01  -4.7634338e-03  -2.2437102e-01
   2.0000000e+00   1.1436011e+00  -5.3181149e-02  -1.7178897e-02  -1.0650690e-01   4.9678208e-01  -1.0812179e-01   2.3404488e+00   3.8084638e-01   2.4922540e-02  -1.5853407e-01
   2.0000000e+00   8.0658864e-01   4.2156999e-01  -5.0218084e-02  -1.2346171e+00   3.1927333e-01   1.1552941e+00   2.2750411e+00   8.6934356e-01   1.4916168e+00  -2.9495264e-01
   2.0000000e+00   1.0398974e+00  -1.4910763e+00  -4.6168288e-01   9.3202341e-01   7.2612407e-01   2.0862630e-01   1.1644980e+00   3.7993258e-01   5.8923238e-02   3.1564635e-01
   1.0000000e+00   3.5012180e-01   3.3105164e-01   7.3948433e-01   7.7989200e-02   5.8688090e-01   1.8755466e+00   8.4555163e-01  -1.4360534e+00   5.8264931e-01  -1.5511921e-01
   2.0000000e+00   1.7791486e+00   9.4785550e-01   8.5870038e-01   7.4500973e-01  -7.7523158e-01  -2.1687342e-01  -2.0878406e+00   1.0850707e+00  -4.4016903e-01  -6.2152190e-01
   2.0000000e+00   2.2146689e-01  -4.0465633e-01  -1.3321673e+00   3.7907779e-02  -3.1125376e-01  -1.9290444e+00   9.7639042e-01   6.4432719e-01   5.1415247e-01  -1.0819518e+00
   2.0000000e+00  -1.5303207e-01  -1.5418121e+00   8.9209996e-01  -5.8078907e-01   1.9770096e-01  -3.2159746e-01  -1.6450094e+00  -2.6242492e-01   2.8115526e-01  -2.5858482e-01
   2.0000000e+00  -7.9389765e-01  -6.4354975e-01   1.6605723e+00   3.4957793e-01  -2.7428204e-01  -2.3376379e+00   8.3626538e-01  -1.0133676e+00  -8.4926301e-01  -1.3901483e+00
   2.0000000e+00   6.2727788e-01  -6.8724738e-02   8.3485223e-01  -4.7381207e-01   2.9108327e+00   1.8848533e-01   3.2636997e-01   4.3599200e-01   7.3990305e-02  -1.8378274e+00
   1.0000000e+00  -5.4129282e-01   4.4703181e-01  -2.9876239e-01   3.9014807e-01  -1.3539680e-02   7.4888107e-01  -2.7526448e-01   5.0676354e-01   1.1915253e-01  -2.5103351e-01
   2.0000000e+00  -2.2964698e-01   6.3053230e-01  -5.1162873e-01  -6.0970505e-01  -7.9583544e-01  -1.3290800e+00  -1.0299675e+00  -6.6672250e-01   1.3594017e+00   5.5114854e-01
   2.0000000e+00   1.9443932e-01  -1.9410579e+00  -3.8580505e-01  -7.1559780e-02   1.1979783e+00   2.2179682e-01   1.4475310e+00   1.3818403e-01  -3.0218596e-01   1.6495823e+00
   2.0000000e+00  -4.4689372e-01  -5.9698161e-01   1.1632782e-01   5.2258460e-01  -4.3884039e-01  -4.2151507e-01  -1.9740321e+00   1.4190977e+00   1.0135872e+00   9.1070844e-01
   2.0000000e+00   7.4865181e-01  -1.6960558e+00   1.6983362e+00   1.4664222e+00  -5.7582317e-01   9.6166525e-01   4.2800844e-01   4.4635493e-01  -1.7394152e-01  -1.9569769e-01
   1.0000000e+00   7.0621706e-01   3.4971350e-01   1.8470293e-01  -1.2087611e+00  -1.4728469e+00   8.3786217e-01  -6.7482969e-01   3.2668570e-01  -4.8033290e-01   3.1220084e-01
   2.0000000e+00   2.3852992e+00   1.2824237e+00  -1.4620380e-01   1.1749824e+00  -1.4416254e+00  -7.4451413e-01   1.1210340e+00  -5.4014537e-01   2.6930825e-01  -1.8627732e+00
   2.0000000e+00   3.9555269e-01  -1.2653211e-01   4.0967507e-01   1.5336884e-01   1.9812650e+00   2.4692622e+00  -1.6300331e-01  -4.6499599e-01  -8.3447818e-02   4.3367522e-01
   2.0000000e+00   1.8980426e+00  -6.0563351e-01  -6.0070577e-03  -9.6438103e-01   1.5493241e+00   4.6908755e-01   1.1482943e+00   5.1585880e-02   8.9644703e-01   9.2941794e-01
   2.0000000e+00   2.5123170e+00  -3.1524477e-01   9.8800997e-01   7.8156361e-01   2.2966963e+00  -1.0656528e+00   6.8171261e-01   7.0326917e-01   1.3955339e+00   1.8445732e+00
   2.0000000e+00   1.2632366e+00  -2.1765044e+00   5.4311248e-02  -1.2362250e+00   1.8839176e+00  -8.8012212e-01   1.9402421e-01   1.9503376e+00  -9.1649138e-01  -1.1938797e-01
   2.0000000e+00   8.5359915e-01   9.0068755e-01  -1.0191858e+00  -9.4807837e-01   1.7690824e+00   4.6571315e-02  -1.1544778e+00   1.0255144e-01  -1.2605501e+00   7.9609338e-02
   2.0000000e+00  -1.3443933e+00  -1.4330138e+00  -1.7365347e+00  -1.3543430e-01   3.8039548e-01   9.4305973e-01  -5.5949938e-01   1.6058012e-01  -5.4875582e-01  -8.8904464e-01
   2.0000000e+00  -2.9865151e-01  -1.8499351e+00   3.4970032e-01  -1.2082484e+00  -8.9110233e-01   4.6940016e-01  -1.8715714e+00  -1.1743433e+00  -1.4885187e-01   5.3747766e-01
   1.0000000e+00   1.0714287e-01   2.0518817e-01   2.2339391e+00   7.7022711e-01   8.2228147e-01  -7.9809802e-03  -1.1309227e-01   4.0196887e-01  -5.7363940e-01   5.1310411e-01
   2.0000000e+00  -8.7268753e-01   1.4306708e+00   1.2846845e+00   4.2171286e-01   6.8257546e-01   5.1503620e-01  -1.8775891e+00  -4.6158698e-01   1.1553951e+00   1.2573845e+00
   1.0000000e+00   1.4841229e+00   5.6772339e-01  -1.6636469e-01  -7.8873520e-01  -8.9491822e-01  -1.3822434e+00   2.3625088e+00  -5.8858830e-02  -5.8148578e-01   1.3128337e+00
   2.0000000e+00   3.2416484e-01  -2.4141852e-01   2.7656990e-01  -2.3569525e-01  -7.3242596e-01  -2.4305807e-01   1.4844508e-01  -1.3491517e-01  -6.8670567e-01  -9.9949424e-01
   2.0000000e+00   5.6997017e-01   1.5394427e+00  -5.3482607e-01   1.0338001e+00   2.8131754e-01  -7.5652169e-01  -1.2757417e-01  -7.8150411e-01  -1.5331397e+00  -2.5139978e-01
   2.0000000e+00   1.1760982e+00   1.6934150e+00   1.7806847e-01   5.1926047e-02   5.1821816e-01  -2.8751880e-01   3.6117578e-01   3.6824165e-01  -2.3240690e+00   4.3800676e-01
   2.0000000e+00  -2.5430264e-01  -5.9247494e-01  -2.0803608e-01  -9.5694467e-01   3.5142724e-01   9.3675109e-01   1.3341907e+00  -6.0316984e-01  -4.2570142e-01  -7.9589167e-02
   2.0000000e+00  -1.6284864e-01  -1.7101026e+00   1.2127678e+00  -2.7154067e-01   1.3507964e+00  -1.0553470e+00   9.9053893e-01  -1.8282913e+00  -1.2912041e+00  -1.8686492e-01
